%YAML:1.0
---
K: !!opencv-matrix
   rows: 3
   cols: 3
   dt: d
   data: [ 4.1795221322102748e+02, 0., 1.5848050408655786e+02, 0.,
       4.1734779922731116e+02, 1.2808240416341590e+02, 0., 0., 1. ]
D: !!opencv-matrix
   rows: 1
   cols: 5
   dt: d
   data: [ -5.7918765907244367e-02, 7.2983710468810736e-01,
       7.9960607086119464e-04, -1.3402179109618226e-03,
       -2.9234208516000812e+00 ]
R_co: !!opencv-matrix
   rows: 3
   cols: 3
   dt: d
   data: [ 0.0, 1.0,
       0.0, 1.0,
       0.0, 0.0,
       0.0, 0.0,
       -1.0 ]
T_co: !!opencv-matrix
   rows: 3
   cols: 1
   dt: d
   data: [ 0.0, -500.0,
       730.0 ]
R_oc: !!opencv-matrix
   rows: 3
   cols: 3
   dt: d
   data: [ 0.0, 1.0,
       0.0, 1.0,
       0.0, 0.0,
       0.0, 0.0,
       -1.0 ]
T_oc: !!opencv-matrix
   rows: 3
   cols: 1
   dt: d
   data: [ 500.0, 0.0, 
       730.0 ]
