%YAML:1.0
---
K: !!opencv-matrix
   rows: 3
   cols: 3
   dt: d
   data: [ 6.1619468274682424e+02, 0., 6.4130111897952111e+02, 0.,
       6.1721493980579794e+02, 3.5950172115861875e+02, 0., 0., 1. ]
D: !!opencv-matrix
   rows: 1
   cols: 5
   dt: d
   data: [ 8.5883974426502030e-02, -5.4230461560538012e-02,
       -3.2206534157190386e-03, 3.9061100664170110e-04,
       1.3637531055864698e-02 ]
R_co: !!opencv-matrix
   rows: 3
   cols: 3
   dt: d
   data: [ 2.6209927147004000e-02, 9.9938863954316459e-01,
       2.3138428447328434e-02, 9.9959906101651286e-01,
       -2.6449440626695100e-02, 1.0106646597317449e-02,
       1.0712466282649616e-02, 2.2864256878331025e-02,
       -9.9968118358982094e-01 ]
T_co: !!opencv-matrix
   rows: 3
   cols: 1
   dt: d
   data: [ 1.4548005896007305e+02, -5.5304896695768912e+02,
       1.0393064287930047e+03 ]
R_oc: !!opencv-matrix
   rows: 3
   cols: 3
   dt: d
   data: [ 2.6209927147004000e-02, 9.9959906101651286e-01,
       1.0712466282649616e-02, 9.9938863954316459e-01,
       -2.6449440626695100e-02, 2.2864256878331025e-02,
       2.3138428447328434e-02, 1.0106646597317449e-02,
       -9.9968118358982094e-01 ]
T_oc: !!opencv-matrix
   rows: 3
   cols: 1
   dt: d
   data: [ 5.3788067124458712e+02, -1.8378192318319333e+02,
       1.0411983713735929e+03 ]
