%YAML:1.0
---
K: !!opencv-matrix
   rows: 3
   cols: 3
   dt: d
   data: [ 4.1795221322102748e+02, 0., 1.5848050408655786e+02, 0.,
       4.1734779922731116e+02, 1.2808240416341590e+02, 0., 0., 1. ]
D: !!opencv-matrix
   rows: 1
   cols: 5
   dt: d
   data: [ -5.7918765907244367e-02, 7.2983710468810736e-01,
       7.9960607086119464e-04, -1.3402179109618226e-03,
       -2.9234208516000812e+00 ]
R_co: !!opencv-matrix
   rows: 3
   cols: 3
   dt: d
   data: [ 2.4426014292132481e-02, 9.9970124366495006e-01,
       8.9064052946452588e-04, 9.9636448654731335e-01,
       -2.4417200893616854e-02, 8.1618688104072301e-02,
       8.1616050952674268e-02, -1.1062166482970759e-03,
       -9.9666323124293965e-01 ]
T_co: !!opencv-matrix
   rows: 3
   cols: 1
   dt: d
   data: [ 4.0937178332036268e+00, -5.2914132516439008e+02,
       5.7703372728984732e+02 ]
R_oc: !!opencv-matrix
   rows: 3
   cols: 3
   dt: d
   data: [ 2.4426014292132481e-02, 9.9636448654731335e-01,
       8.1616050952674268e-02, 9.9970124366495006e-01,
       -2.4417200893616854e-02, -1.1062166482970759e-03,
       8.9064052946452588e-04, 8.1618688104072301e-02,
       -9.9666323124293965e-01 ]
T_oc: !!opencv-matrix
   rows: 3
   cols: 1
   dt: d
   data: [ 4.8002241746018098e+02, -1.6374320530963661e+01,
       6.1829247392740592e+02 ]
