%YAML:1.0
---
K: !!opencv-matrix
   rows: 3
   cols: 3
   dt: d
   data: [ 4.1795221322102748e+02, 0., 1.5848050408655786e+02, 0.,
       4.1734779922731116e+02, 1.2808240416341590e+02, 0., 0., 1. ]
D: !!opencv-matrix
   rows: 1
   cols: 5
   dt: d
   data: [ -5.7918765907244367e-02, 7.2983710468810736e-01,
       7.9960607086119464e-04, -1.3402179109618226e-03,
       -2.9234208516000812e+00 ]
R_co: !!opencv-matrix
   rows: 3
   cols: 3
   dt: d
   data: [ -6.7548035886895019e-01, -7.2879887040663771e-01,
       -1.1215387321124047e-01, 7.3272475361971456e-01,
       -6.8046860703944267e-01, 8.7698498692381846e-03,
       -8.2708646556467660e-02, -7.6254057779303080e-02,
       9.9365215163908704e-01 ]
T_co: !!opencv-matrix
   rows: 3
   cols: 1
   dt: d
   data: [ 4.7563428117058187e+01, 8.6948883732174860e+00,
       7.3027569445820745e+02 ]
error: 7.7999092508639456e-02
