%YAML:1.0
---
K: !!opencv-matrix
   rows: 3
   cols: 3
   dt: d
   data: [ 6.1619468274682424e+02, 0., 6.4130111897952111e+02, 0.,
       6.1721493980579794e+02, 3.5950172115861875e+02, 0., 0., 1. ]
D: !!opencv-matrix
   rows: 1
   cols: 5
   dt: d
   data: [ 8.5883974426502030e-02, -5.4230461560538012e-02,
       -3.2206534157190386e-03, 3.9061100664170110e-04,
       1.3637531055864698e-02 ]
R_co: !!opencv-matrix
   rows: 3
   cols: 3
   dt: d
   data: [ 3.2245177248180171e-02, -9.9939298962691780e-01,
       -1.3187146348045256e-02, 9.9944151084227073e-01,
       3.2125356011920139e-02, 9.1993427170881294e-03,
       -8.7701168494210731e-03, -1.3476415906267749e-02,
       9.9987072727666593e-01 ]
T_co: !!opencv-matrix
   rows: 3
   cols: 1
   dt: d
   data: [ -3.1065353141174000e+02, 5.4873354967517571e+01,
       1.0681621116363542e+03 ]
error: 6.9038470890857606e-01
