%YAML:1.0
---
K: !!opencv-matrix
   rows: 3
   cols: 3
   dt: d
   data: [ 6.0486968277969959e+02, 0., 6.4494459872427501e+02, 0.,
       6.0503649383041204e+02, 3.5396064085257677e+02, 0., 0., 1. ]
D: !!opencv-matrix
   rows: 1
   cols: 5
   dt: d
   data: [ 9.4809417940601506e-02, -1.0347440924550219e-01,
       -6.1825643924375067e-03, 2.2657964346366366e-03,
       5.8870747667753770e-02 ]
R_co: !!opencv-matrix
   rows: 3
   cols: 3
   dt: d
   data: [ -5.2872457389145755e-01, -8.4581703168948053e-01,
       -7.1020235618401081e-02, 8.4590443130968540e-01,
       -5.3197484865832756e-01, 3.8058553382745670e-02,
       -6.9971551747367258e-02, -3.9953839602045939e-02,
       9.9674855036118315e-01 ]
T_co: !!opencv-matrix
   rows: 3
   cols: 1
   dt: d
   data: [ -5.8060273548773637e+02, -1.3531241551771538e+02,
       1.0243551611028922e+03 ]
error: 2.4323581655322676e-01
